A=[33.207,1;40.3837,1;43.2073,1;46.7447,1;48.8318,1];
b=[118.7430;116.6031;111.0614;105.7208;107.7717];
x_hat = ((A'*A)^-1*A')*b;


%%
% A=[71.677,1;72.74,1;73.68,1;74.55,1;75.256,1;75.904,1;76.505,1];
% b=[137.9454;137.7037;139.0826;138.1553;137.3098;138.5604;137.1482];
% x_hat = ((A'*A)^-1*A')*b;